0 466 142 12 31 
1 466 141 11 33 
2 465 141 11 34 
3 409 253 24 58 378 223 24 66 464 140 11 37 
4 378 225 24 68 411 253 22 59 464 140 11 39 
5 464 142 14 41 413 253 21 57 377 228 21 64 
6 413 254 21 55 477 142 14 43 464 142 14 40 377 230 20 61 
7 376 234 20 66 
8 459 147 11 32 
9 459 147 11 33 
10 
11 
12 
13 
14 
15 
16 453 148 13 39 
17 452 151 12 36 
18 427 224 20 47 451 152 12 36 
19 428 223 20 48 
20 449 151 16 39 
21 
22 
23 433 215 21 56 
24 435 216 19 54 334 296 25 76 
25 437 212 18 51 
26 438 212 16 50 327 307 27 78 
27 439 155 16 41 325 311 24 74 
28 322 316 25 74 
29 459 218 21 52 
30 
31 
32 
33 
34 429 180 21 57 
35 467 206 17 56 
36 
37 
38 468 206 17 50 
39 468 207 17 48 
40 
41 
42 473 197 18 50 
43 
44 425 172 18 45 
45 452 195 18 46 424 174 19 41 474 194 16 51 
46 454 186 17 51 424 175 19 42 474 193 17 52 
47 455 185 16 51 475 188 18 50 
48 457 184 14 50 476 188 16 50 401 223 19 62 
49 457 183 14 49 476 188 16 49 400 225 18 63 
50 399 228 20 60 
51 
52 
53 389 241 23 63 
54 387 245 23 56 418 183 16 43 
55 417 186 16 44 460 176 16 46 385 250 22 69 
56 
57 
58 414 190 19 41 377 263 23 69 
59 
60 412 194 19 50 
61 411 196 19 47 
62 
63 
64 
65 
66 
67 
68 
69 403 209 18 48 
70 333 341 28 72 
71 
72 
73 401 218 18 50 
74 400 220 16 49 
75 
76 
77 
78 
79 
80 
81 414 244 19 68 390 241 18 53 
82 388 240 20 55 
83 412 248 21 64 388 243 19 51 
84 472 147 12 44 387 246 18 52 475 146 18 49 
85 475 145 19 49 
86 475 145 18 47 
87 475 144 18 47 
88 379 258 24 52 
89 
90 376 267 21 53 
91 375 265 18 58 
92 477 141 17 43 
93 478 139 17 44 
94 484 138 18 48 479 138 18 45 
95 484 138 19 47 479 138 19 45 
96 485 137 17 48 480 138 18 46 
97 485 138 17 47 480 138 17 45 
98 360 288 21 58 481 137 18 45 
99 354 291 23 58 482 136 15 43 486 137 16 44 
100 482 137 15 41 354 297 22 63 486 137 18 43 
101 487 137 17 43 
102 488 138 16 42 
103 486 138 17 41 
104 485 138 18 41 
105 486 137 18 41 
106 488 136 17 41 364 324 23 68 
107 
108 338 328 21 60 
109 
110 
111 
112 
113 321 345 24 70 
114 340 362 21 62 318 349 24 70 
115 
116 
117 327 379 27 69 309 364 23 59 
118 305 375 23 57 
119 
120 299 375 22 65 318 388 24 76 
121 315 393 24 68 
122 313 395 24 70 
123 310 405 25 69 
124 
125 301 420 26 61 
126 427 188 17 61 
127 294 432 29 50 
128 290 436 32 43 
129 
130 
131 
132 
133 
134 
135 
136 
137 
138 
139 
140 
141 
142 
143 
144 
145 
146 402 249 22 70 
147 
148 
149 
150 
151 
152 
153 
154 
155 
156 474 127 20 37 
157 
158 
159 
160 468 81 9 25 
161 
162 
163 
164 
165 
166 
167 
168 
169 
170 
171 
172 
173 
174 
175 
176 
177 
178 
179 
180 
181 
182 
183 
184 
185 
186 
187 
188 
189 
190 
191 
192 
193 
194 
195 
196 
197 
198 
199 
200 
201 
202 472 105 11 29 
203 472 108 11 27 
204 
205 
206 
207 
208 
209 
210 
211 474 109 20 35 
212 474 109 20 35 
213 474 109 21 35 
214 473 109 22 35 
215 
216 
217 
218 
219 
220 
221 
222 476 118 22 34 
223 
224 478 122 13 29 477 120 20 34 
225 478 122 13 29 477 120 20 35 
226 477 120 20 35 
227 479 122 13 30 477 120 19 35 
228 478 121 18 35 
229 477 122 19 35 
230 478 121 19 36 
231 479 121 20 36 
232 479 124 19 36 
233 478 125 20 36 
234 478 126 19 36 
235 479 125 19 38 
236 479 126 18 38 
237 479 126 18 37 
238 480 126 18 38 
239 480 127 18 38 
240 481 132 12 31 480 129 18 38 
241 481 129 18 38 
242 482 129 16 39 
243 485 130 17 42 482 131 16 38 
244 486 130 16 42 483 131 15 39 
245 486 129 15 43 
246 
247 488 129 14 43 
248 487 129 15 43 
249 488 130 15 42 
250 488 135 16 41 
251 489 135 17 42 
252 
253 
254 
255 
256 
257 
258 
259 
260 
261 
262 
263 
264 
265 
266 
267 
268 
269 
270 
271 
272 
273 
274 
275 
276 
277 
278 
279 
280 
281 
282 
283 
284 
285 
286 
287 
288 
289 
290 
291 
292 
293 
294 
295 
296 
297 
298 
299 
300 
301 
302 
303 
304 491 130 14 40 
305 491 133 13 30 
306 489 127 15 40 
307 489 132 12 30 
308 488 128 16 39 
309 488 130 13 31 
310 488 129 14 31 
311 487 127 13 33 
312 487 127 13 32 
313 
314 
315 
316 
317 
318 
319 482 121 16 34 
320 482 120 16 35 
321 483 120 13 32 
322 482 120 14 31 
323 
324 
325 481 117 13 31 
326 481 116 14 32 
327 481 116 13 32 
328 481 116 13 32 
329 481 114 13 33 
330 
331 
332 
333 
334 
335 
336 481 112 13 28 
337 482 112 12 27 
338 482 112 12 27 
339 482 112 12 27 
340 482 111 12 26 
341 482 110 12 27 
342 482 110 12 27 
343 482 110 11 26 
344 482 110 11 26 
345 481 108 11 26 
346 481 108 11 26 
347 
348 
349 
350 
351 
352 
353 
354 
355 
356 
357 
358 
359 
360 
361 
362 
363 
364 
365 
366 
367 
368 
369 
370 
371 
372 
373 
374 
375 
376 
377 
378 
379 
380 
381 
382 
383 
384 
385 
386 
387 
388 
389 
390 
391 
392 
393 
394 
395 
396 
397 
398 
399 
400 
401 
402 
403 
404 
405 
406 
407 
408 
409 
410 
411 
412 
413 
414 
415 
416 
417 
418 
419 
420 
421 
422 
423 
424 
425 
426 
427 
428 
429 
430 
431 
432 
433 
434 
435 
436 
437 
438 
439 
440 
441 
442 
443 
444 
445 
446 
447 
448 
449 
450 
451 
452 
453 
454 
455 
456 
457 
458 
459 
460 
461 
462 
463 
464 
465 
466 
467 
468 
469 
470 
471 
472 
473 
474 
475 
476 
477 
478 
479 
480 
481 
482 
483 
484 
485 
486 
487 
488 
489 
490 
491 
492 
493 
494 
495 
496 
497 
498 
499 
500 
501 
502 
503 
504 
505 
506 
507 
508 
509 
510 
511 
512 
513 
514 
515 
516 
517 
518 
519 
520 
521 
522 
523 
524 
525 
526 
527 
528 
529 
530 
531 
532 
533 
534 
535 
536 
537 
538 
539 
540 415 313 20 56 
541 
542 
543 
544 
545 
546 402 334 24 65 
547 
548 393 343 30 69 
549 
550 
551 
552 
553 
554 
555 
556 
557 
558 
559 
560 
561 
562 
563 
564 
565 
566 
567 
568 
569 
570 
571 
572 
573 
574 
575 
576 
577 
578 
579 
580 
581 
582 
583 
584 
585 
586 
587 
588 
589 
590 
591 
592 
593 
594 
595 
596 
597 
598 
599 
600 
601 
602 
603 
604 
605 
606 
607 
608 
609 
610 
611 
612 
613 
614 
615 
616 
617 
618 
619 
620 
621 
622 
623 
624 
625 
626 
627 
628 
629 
630 
631 
632 
633 
634 
635 
636 
637 
638 
639 
640 
641 
642 
643 
644 
645 
646 
647 
648 
649 
650 
651 
652 
653 
654 
655 
656 
657 
658 
659 
660 
661 
662 
663 
664 
665 
666 
667 
668 
669 
670 
671 
672 
673 
674 
675 
676 
677 
678 
679 
680 
681 
682 
683 
684 
685 
686 
687 
688 
689 
690 
691 
692 
693 
694 
695 
696 
697 
698 
699 
700 
701 
702 
703 
704 
705 
706 
707 
708 
709 454 85 8 19 
710 
711 454 86 9 20 
712 454 86 9 20 
713 
714 
715 455 87 10 20 
716 
717 
718 
719 
720 
721 
722 456 89 10 22 
723 
724 457 90 9 23 
725 457 90 9 23 
726 457 89 9 25 
727 
728 
729 
730 
731 
732 
733 
734 
735 
736 
737 
738 
739 
740 
741 
742 
743 
744 470 109 12 25 
745 
746 471 111 13 25 
747 
748 475 111 11 25 
749 475 112 12 27 
750 476 112 12 29 
751 476 112 13 30 
752 477 112 12 29 
753 
754 
755 479 117 13 30 
756 479 119 13 28 
757 479 120 13 28 
758 477 117 20 34 479 120 14 28 
759 481 120 13 30 
760 481 121 13 31 
761 482 121 12 32 
762 482 123 14 31 
763 483 122 13 32 
764 484 125 11 28 
765 483 126 12 33 
766 483 126 13 33 
767 483 126 13 34 
768 484 127 12 34 
769 485 128 11 33 
770 487 128 11 33 262 429 34 50 
771 487 130 12 32 
772 487 131 12 32 273 415 33 64 
773 279 411 36 65 487 131 12 32 
774 488 131 12 33 281 405 35 70 
775 488 129 15 40 286 394 34 67 
776 488 130 15 40 288 389 36 69 
777 489 129 14 42 296 384 31 61 
778 489 129 15 42 300 377 33 60 
779 490 129 15 43 306 368 29 74 
780 308 363 33 79 
781 311 356 35 72 
782 313 353 36 78 
783 318 351 35 79 
784 319 344 36 78 
785 327 337 31 67 
786 333 329 28 72 
787 335 326 31 62 
788 337 322 30 67 
789 
790 346 308 25 73 
791 350 301 27 69 
792 351 302 27 65 
793 
794 359 296 23 68 
795 363 288 25 65 
796 365 285 26 66 
797 
798 371 273 25 66 
799 373 272 25 67 
800 375 264 24 63 
801 377 262 24 63 
802 378 262 24 60 
803 384 253 23 63 
804 384 251 24 65 
805 387 251 23 61 
806 388 250 22 60 
807 390 242 25 57 
808 391 242 25 51 
809 395 234 24 69 
810 397 233 23 70 
811 399 227 22 66 
812 401 226 21 64 
813 402 225 21 62 
814 403 225 19 62 
815 403 224 20 61 
816 
817 
818 
819 
820 
821 
822 
823 
824 
825 414 193 19 59 
826 
827 
828 487 65 6 20 415 189 21 54 
829 487 64 6 21 416 185 19 54 
830 487 65 6 20 416 185 18 53 
831 486 65 6 19 418 180 16 57 
832 486 64 6 20 417 178 16 59 
833 485 65 6 20 
834 416 176 17 55 485 64 6 20 
835 417 173 16 54 484 64 7 20 
836 417 172 16 54 484 64 7 20 
837 417 170 16 55 484 64 6 20 
838 484 64 6 20 
839 484 63 6 20 
840 483 64 6 19 
841 483 63 6 19 
842 483 64 6 19 
843 483 64 6 18 
844 483 64 6 18 
845 483 63 6 19 
846 483 62 6 19 
847 483 63 6 19 
848 484 63 6 19 
849 484 63 6 19 
850 484 62 5 19 
851 
852 
853 
854 
855 
856 
857 
858 
859 
860 
861 
862 
863 
864 
865 
866 
867 
868 
869 
870 
871 278 436 30 45 
872 
873 289 426 29 53 
874 298 257 21 68 313 436 29 43 291 419 28 56 
875 299 409 25 66 
876 323 427 28 53 302 406 25 69 
